tn: 2376, fp: 3791, fn: 1642, tp: 2166
acc: 0.45533834586466165, pre: 0.3636058418667114, recall: 0.5688025210084033, F1: 0.4436251920122888