tn: 4540, fp: 1636, fn: 1315, tp: 2489
acc: 0.7043086172344689, pre: 0.6033939393939394, recall: 0.6543112513144059, F1: 0.627821919535881
