tn: 1407, fp: 4769, fn: 786, tp: 3018
acc: 0.4433867735470942, pre: 0.38756902529857457, recall: 0.7933753943217665, F1: 0.5207488568717108
