tn: 79136, fp: 73846, fn: 19798, tp: 76720
acc: 0.6246733466933868, pre: 0.5095439873543828, recall: 0.794877639404049, F1: 0.6210033834647326
