tn: 4243, fp: 1937, fn: 1628, tp: 2182
acc: 0.6431431431431431, pre: 0.5297402282107307, recall: 0.5727034120734908, F1: 0.5503846638920419