tn: 3491, fp: 2689, fn: 799, tp: 3011
acc: 0.6508508508508508, pre: 0.5282456140350877, recall: 0.7902887139107612, F1: 0.6332281808622503
