tn: 5537, fp: 643, fn: 3235, tp: 575
acc: 0.6118118118118118, pre: 0.4720853858784893, recall: 0.15091863517060367, F1: 0.22871917263325373
