tn: 5391, fp: 789, fn: 1007, tp: 2803
acc: 0.8202202202202202, pre: 0.7803452115812918, recall: 0.7356955380577428, F1: 0.757362874898676
