tn: 5552, fp: 628, fn: 2521, tp: 1289
acc: 0.6847847847847848, pre: 0.6724047991653626, recall: 0.3383202099737533, F1: 0.4501484197660206